local ⠨⠢⠔⠨⠢⠔⠔⠢={
⠨⠨⠨⠔⠔⠨⠔⠢ = tostring(utf8.char((function() return table.unpack({20919,33050,26412})end)())),
⠢⠔⠢⠔⠔⠔⠨⠨ = tostring(utf8.char((function() return table.unpack({104,116,116,112,115,58,47,47,114,97,119,46,103,105,116,104,117,98,117,115,101,114,99,111,110,116,101,110,116,46,99,111,109,47,76,69,78,71,56,49,50,51,47,83,101,114,118,101,114,47,114,101,102,115,47,104,101,97,100,115,47,109,97,105,110,47,68,111,111,114,115,46,108,117,97})end)())),
⠨⠢⠨⠢⠢⠔⠔⠢ = tostring(utf8.char((function() return table.unpack({20919,33050,26412})end)())),
⠨⠨⠔⠢⠨⠢⠨⠨ = tostring(utf8.char((function() return table.unpack({104,116,116,112,115,58,47,47,114,97,119,46,103,105,116,104,117,98,117,115,101,114,99,111,110,116,101,110,116,46,99,111,109,47,76,69,78,71,56,49,50,51,47,83,101,114,118,101,114,50,47,114,101,102,115,47,104,101,97,100,115,47,109,97,105,110,47,37,69,53,37,66,70,37,56,68,37,69,56,37,56,48,37,56,53,37,69,52,37,66,67,37,65,48,37,69,53,37,65,53,37,56,55,46,108,117,97})end)())),
⠨⠢⠨⠔⠔⠢⠢⠔ = tostring(utf8.char((function() return table.unpack({20919,33050,26412})end)())),
⠢⠨⠔⠔⠔⠢⠢⠔ = tostring(utf8.char((function() return table.unpack({104,116,116,112,115,58,47,47,114,97,119,46,103,105,116,104,117,98,117,115,101,114,99,111,110,116,101,110,116,46,99,111,109,47,76,69,78,71,56,49,50,51,47,83,101,114,118,101,114,50,47,114,101,102,115,47,104,101,97,100,115,47,109,97,105,110,47,37,69,53,37,56,65,37,57,66,37,69,57,37,56,55,37,56,70,37,69,52,37,66,67,37,65,48,37,69,53,37,65,53,37,56,55,46,108,117,97})end)())),
⠢⠔⠔⠢⠢⠨⠔⠔ = tostring(utf8.char((function() return table.unpack({20919,33050,26412})end)())),
⠢⠢⠢⠨⠨⠔⠔⠔ = tostring(utf8.char((function() return table.unpack({104,116,116,112,115,58,47,47,114,97,119,46,103,105,116,104,117,98,117,115,101,114,99,111,110,116,101,110,116,46,99,111,109,47,76,69,78,71,56,49,50,51,47,115,101,114,118,101,114,51,47,114,101,102,115,47,104,101,97,100,115,47,109,97,105,110,47,37,69,52,37,66,70,37,56,52,37,69,52,37,66,65,37,65,53,37,69,52,37,66,70,37,56,52,37,69,53,37,66,55,37,57,69,46,108,117,97})end)())),
⠨⠨⠨⠢⠨⠔⠔⠔ = tostring(utf8.char((function() return table.unpack({20919,33050,26412})end)())),
⠨⠨⠨⠔⠢⠨⠢⠔ = tostring(utf8.char((function() return table.unpack({104,116,116,112,115,58,47,47,114,97,119,46,103,105,116,104,117,98,117,115,101,114,99,111,110,116,101,110,116,46,99,111,109,47,76,69,78,71,56,49,50,51,47,83,101,114,118,101,114,47,114,101,102,115,47,104,101,97,100,115,47,109,97,105,110,47,37,69,54,37,66,50,37,66,51,37,69,53,37,56,67,37,57,55,46,108,117,97})end)())),
⠨⠔⠨⠨⠔⠨⠔⠨ = tostring(utf8.char((function() return table.unpack({20919,33050,26412})end)())),
⠨⠨⠔⠨⠨⠔⠨⠢ = tostring(utf8.char((function() return table.unpack({104,116,116,112,115,58,47,47,114,97,119,46,103,105,116,104,117,98,117,115,101,114,99,111,110,116,101,110,116,46,99,111,109,47,76,69,78,71,56,49,50,51,47,83,101,114,118,101,114,47,114,101,102,115,47,104,101,97,100,115,47,109,97,105,110,47,37,69,55,37,57,66,37,57,49,37,69,55,37,56,66,37,66,49,37,69,52,37,66,65,37,66,65,37,69,55,37,57,52,37,57,70,46,108,117,97})end)())),
⠨⠔⠢⠢⠢⠔⠢⠨ = tostring(utf8.char((function() return table.unpack({20919,33050,26412})end)())),
⠨⠨⠢⠨⠢⠨⠔⠔ = tostring(utf8.char((function() return table.unpack({104,116,116,112,115,58,47,47,114,97,119,46,103,105,116,104,117,98,117,115,101,114,99,111,110,116,101,110,116,46,99,111,109,47,76,69,78,71,56,49,50,51,47,83,101,114,118,101,114,50,47,114,101,102,115,47,104,101,97,100,115,47,109,97,105,110,47,37,69,54,37,56,56,37,57,56,37,69,52,37,66,65,37,56,57,37,69,53,37,65,52,37,65,55,37,69,52,37,66,65,37,65,56,46,108,117,97})end)())),
⠢⠔⠨⠨⠔⠔⠔⠢ = tostring(utf8.char((function() return table.unpack({20919,33050,26412})end)())),
⠨⠢⠢⠨⠔⠔⠨⠔ = tostring(utf8.char((function() return table.unpack({104,116,116,112,115,58,47,47,114,97,119,46,103,105,116,104,117,98,117,115,101,114,99,111,110,116,101,110,116,46,99,111,109,47,76,69,78,71,56,49,50,51,47,83,101,114,118,101,114,47,114,101,102,115,47,104,101,97,100,115,47,109,97,105,110,47,37,69,54,37,57,69,37,56,49,37,69,57,37,56,48,37,57,70,37,69,52,37,66,67,37,65,48,37,69,53,37,65,53,37,56,55,46,108,117,97})end)())),
⠨⠢⠨⠔⠢⠨⠢⠨ = tostring(utf8.char((function() return table.unpack({20919,33050,26412})end)())),
⠢⠢⠨⠔⠨⠔⠨⠔ = tostring(utf8.char((function() return table.unpack({104,116,116,112,115,58,47,47,114,97,119,46,103,105,116,104,117,98,117,115,101,114,99,111,110,116,101,110,116,46,99,111,109,47,76,69,78,71,56,49,50,51,47,83,101,114,118,101,114,47,114,101,102,115,47,104,101,97,100,115,47,109,97,105,110,47,115,99,112,37,69,56,37,65,55,37,57,50,37,69,56,37,56,57,37,66,50,37,69,54,37,56,57,37,65,69,37,69,54,37,66,67,37,57,52,46,108,117,97})end)())),
⠨⠨⠔⠢⠢⠢⠢⠨ = tostring(utf8.char((function() return table.unpack({20919,33050,26412})end)())),
⠢⠔⠔⠢⠢⠔⠔⠨ = tostring(utf8.char((function() return table.unpack({104,116,116,112,115,58,47,47,114,97,119,46,103,105,116,104,117,98,117,115,101,114,99,111,110,116,101,110,116,46,99,111,109,47,76,69,78,71,56,49,50,51,47,83,101,114,118,101,114,47,114,101,102,115,47,104,101,97,100,115,47,109,97,105,110,47,37,69,57,37,57,51,37,66,50,37,69,57,37,57,66,37,65,65,37,69,54,37,65,56,37,65,49,37,69,54,37,56,66,37,57,70,37,69,53,37,57,57,37,65,56,46,108,117,97})end)())),
⠨⠨⠨⠢⠔⠔⠢⠔ = tostring(utf8.char((function() return table.unpack({20919,33050,26412})end)())),
⠢⠔⠢⠔⠢⠢⠨⠔ = tostring(utf8.char((function() return table.unpack({104,116,116,112,115,58,47,47,114,97,119,46,103,105,116,104,117,98,117,115,101,114,99,111,110,116,101,110,116,46,99,111,109,47,76,69,78,71,56,49,50,51,47,83,101,114,118,101,114,47,114,101,102,115,47,104,101,97,100,115,47,109,97,105,110,47,37,69,55,37,56,66,37,57,55,37,69,55,37,56,54,37,56,65,37,69,53,37,66,50,37,65,68,46,108,117,97})end)())),
⠨⠢⠔⠔⠨⠔⠢⠨ = tostring(utf8.char((function() return table.unpack({20919,33050,26412})end)())),
⠢⠢⠨⠢⠔⠨⠢⠢ = tostring(utf8.char((function() return table.unpack({104,116,116,112,115,58,47,47,114,97,119,46,103,105,116,104,117,98,117,115,101,114,99,111,110,116,101,110,116,46,99,111,109,47,76,69,78,71,56,49,50,51,47,83,101,114,118,101,114,47,114,101,102,115,47,104,101,97,100,115,47,109,97,105,110,47,37,69,55,37,56,49,37,65,66,37,69,55,37,65,69,37,65,68,37,69,53,37,56,70,37,57,49,37,69,53,37,66,48,37,56,52,37,69,54,37,65,56,37,65,49,37,69,54,37,56,66,37,57,70,37,69,53,37,57,57,37,65,56,46,108,117,97})end)())),
⠢⠔⠢⠔⠢⠨⠢⠔ = tostring(utf8.char((function() return table.unpack({20919,33050,26412})end)())),
⠢⠨⠢⠨⠔⠨⠔⠨ = tostring(utf8.char((function() return table.unpack({104,116,116,112,115,58,47,47,114,97,119,46,103,105,116,104,117,98,117,115,101,114,99,111,110,116,101,110,116,46,99,111,109,47,76,69,78,71,56,49,50,51,47,83,101,114,118,101,114,47,114,101,102,115,47,104,101,97,100,115,47,109,97,105,110,47,37,69,57,37,65,57,37,66,69,37,69,57,37,65,57,37,66,54,37,69,53,37,66,56,37,57,68,37,69,53,37,57,66,37,66,68,46,108,117,97})end)())),
⠢⠨⠢⠢⠢⠨⠔⠢ = tostring(utf8.char((function() return table.unpack({20919,33050,26412})end)())),
⠢⠨⠨⠢⠔⠨⠔⠔ = tostring(utf8.char((function() return table.unpack({104,116,116,112,115,58,47,47,114,97,119,46,103,105,116,104,117,98,117,115,101,114,99,111,110,116,101,110,116,46,99,111,109,47,76,69,78,71,56,49,50,51,47,83,101,114,118,101,114,50,47,114,101,102,115,47,104,101,97,100,115,47,109,97,105,110,47,37,69,53,37,56,68,37,57,55,37,69,54,37,57,69,37,56,49,37,69,54,37,66,52,37,66,50,37,69,54,37,56,69,37,65,50,37,69,57,37,57,57,37,65,57,46,108,117,97})end)())),
⠢⠔⠨⠢⠢⠔⠨⠔ = tostring(utf8.char((function() return table.unpack({20919,33050,26412})end)())),
⠨⠔⠨⠨⠔⠔⠢⠢ = tostring(utf8.char((function() return table.unpack({104,116,116,112,115,58,47,47,114,97,119,46,103,105,116,104,117,98,117,115,101,114,99,111,110,116,101,110,116,46,99,111,109,47,76,69,78,71,56,49,50,51,47,83,101,114,118,101,114,50,47,114,101,102,115,47,104,101,97,100,115,47,109,97,105,110,47,37,69,55,37,56,70,37,65,48,37,69,55,37,65,57,37,56,54,37,69,54,37,57,67,37,57,55,37,69,55,37,56,69,37,57,66,37,69,53,37,66,51,37,66,48,37,69,54,37,57,52,37,56,48,37,69,55,37,56,56,37,65,67,37,69,56,37,65,55,37,57,50,37,69,56,37,56,57,37,66,50,37,69,54,37,56,57,37,65,69,37,69,54,37,66,67,37,57,52,46,108,117,97})end)())),
⠢⠔⠨⠔⠨⠨⠢⠨ = tostring(utf8.char((function() return table.unpack({20919,33050,26412})end)())),
⠨⠢⠢⠔⠔⠢⠢⠨ = tostring(utf8.char((function() return table.unpack({104,116,116,112,115,58,47,47,114,97,119,46,103,105,116,104,117,98,117,115,101,114,99,111,110,116,101,110,116,46,99,111,109,47,76,69,78,71,56,49,50,51,47,83,101,114,118,101,114,50,47,114,101,102,115,47,104,101,97,100,115,47,109,97,105,110,47,37,69,57,37,65,50,37,57,67,37,69,56,37,56,57,37,66,50,37,69,54,37,56,56,37,57,54,37,69,56,37,56,48,37,56,53,37,69,54,37,65,68,37,66,66,37,69,52,37,66,65,37,65,49,46,108,117,97})end)())),
⠨⠢⠨⠔⠢⠔⠔⠨ = tostring(utf8.char((function() return table.unpack({20919,33050,26412})end)())),
⠨⠔⠔⠢⠨⠢⠢⠔ = tostring(utf8.char((function() return table.unpack({104,116,116,112,115,58,47,47,114,97,119,46,103,105,116,104,117,98,117,115,101,114,99,111,110,116,101,110,116,46,99,111,109,47,76,69,78,71,56,49,50,51,47,83,101,114,118,101,114,50,47,114,101,102,115,47,104,101,97,100,115,47,109,97,105,110,47,102,105,115,104,46,108,117,97})end)())),
⠨⠨⠨⠨⠢⠢⠢⠢ = tostring(utf8.char((function() return table.unpack({20919,33050,26412})end)())),
⠨⠔⠨⠢⠨⠢⠔⠔ = tostring(utf8.char((function() return table.unpack({104,116,116,112,115,58,47,47,114,97,119,46,103,105,116,104,117,98,117,115,101,114,99,111,110,116,101,110,116,46,99,111,109,47,76,69,78,71,56,49,50,51,47,83,101,114,118,101,114,50,47,114,101,102,115,47,104,101,97,100,115,47,109,97,105,110,47,37,69,57,37,56,48,37,57,65,37,69,55,37,57,52,37,65,56,46,108,117,97})end)()))}
if game.PlaceId == 6839171747 then
    ⠢⠨⠢⠔⠢⠔⠨⠢ = (⠨⠢⠔⠨⠢⠔⠔⠢["⠨⠨⠨⠔⠔⠨⠔⠢"])
loadstring(game:HttpGet((⠨⠢⠔⠨⠢⠔⠔⠢["⠢⠔⠢⠔⠔⠔⠨⠨"])))()
elseif game.PlaceId == 3956818381 then
    ⠢⠨⠢⠔⠢⠔⠨⠢ = (⠨⠢⠔⠨⠢⠔⠔⠢["⠨⠢⠨⠢⠢⠔⠔⠢"])
loadstring(game:HttpGet((⠨⠢⠔⠨⠢⠔⠔⠢["⠨⠨⠔⠢⠨⠢⠨⠨"])))()
elseif game.PlaceId == 3623096087 then
    ⠢⠨⠢⠔⠢⠔⠨⠢ = (⠨⠢⠔⠨⠢⠔⠔⠢["⠨⠢⠨⠔⠔⠢⠢⠔"])
loadstring(game:HttpGet((⠨⠢⠔⠨⠢⠔⠔⠢["⠢⠨⠔⠔⠔⠢⠢⠔"])))()
elseif game.PlaceId == 7239319209 then
    ⠢⠨⠢⠔⠢⠔⠨⠢ = (⠨⠢⠔⠨⠢⠔⠔⠢["⠢⠔⠔⠢⠢⠨⠔⠔"])
loadstring(game:HttpGet((⠨⠢⠔⠨⠢⠔⠔⠢["⠢⠢⠢⠨⠨⠔⠔⠔"])))()
elseif game.PlaceId == 4618049391 then
    ⠢⠨⠢⠔⠢⠔⠨⠢ = (⠨⠢⠔⠨⠢⠔⠔⠢["⠨⠨⠨⠢⠨⠔⠔⠔"])
loadstring(game:HttpGet((⠨⠢⠔⠨⠢⠔⠔⠢["⠨⠨⠨⠔⠢⠨⠢⠔"])))()
elseif game.PlaceId == 155615604 then
    ⠢⠨⠢⠔⠢⠔⠨⠢ = (⠨⠢⠔⠨⠢⠔⠔⠢["⠨⠔⠨⠨⠔⠨⠔⠨"])
loadstring(game:HttpGet((⠨⠢⠔⠨⠢⠔⠔⠢["⠨⠨⠔⠨⠨⠔⠨⠢"])))()
elseif game.PlaceId == 4639625707 then
    ⠢⠨⠢⠔⠢⠔⠨⠢ = (⠨⠢⠔⠨⠢⠔⠔⠢["⠨⠔⠢⠢⠢⠔⠢⠨"])
loadstring(game:HttpGet((⠨⠢⠔⠨⠢⠔⠔⠢["⠨⠨⠢⠨⠢⠨⠔⠔"])))()
elseif game.PlaceId == 3101667897 then
    ⠢⠨⠢⠔⠢⠔⠨⠢ = (⠨⠢⠔⠨⠢⠔⠔⠢["⠢⠔⠨⠨⠔⠔⠔⠢"])
loadstring(game:HttpGet((⠨⠢⠔⠨⠢⠔⠔⠢["⠨⠢⠢⠨⠔⠔⠨⠔"])))()
elseif game.PlaceId == 5041144419 then
    ⠢⠨⠢⠔⠢⠔⠨⠢ = (⠨⠢⠔⠨⠢⠔⠔⠢["⠨⠢⠨⠔⠢⠨⠢⠨"])
loadstring(game:HttpGet((⠨⠢⠔⠨⠢⠔⠔⠢["⠢⠢⠨⠔⠨⠔⠨⠔"])))()
elseif game.PlaceId == 1252559098 then
    ⠢⠨⠢⠔⠢⠔⠨⠢ = (⠨⠢⠔⠨⠢⠔⠔⠢["⠨⠨⠔⠢⠢⠢⠢⠨"])
loadstring(game:HttpGet((⠨⠢⠔⠨⠢⠔⠔⠢["⠢⠔⠔⠢⠢⠔⠔⠨"])))()
elseif game.PlaceId == 18241512421 then
    ⠢⠨⠢⠔⠢⠔⠨⠢ = (⠨⠢⠔⠨⠢⠔⠔⠢["⠨⠨⠨⠢⠔⠔⠢⠔"])
loadstring(game:HttpGet((⠨⠢⠔⠨⠢⠔⠔⠢["⠢⠔⠢⠔⠢⠢⠨⠔"])))()
elseif game.PlaceId == 5256165620 then
    ⠢⠨⠢⠔⠢⠔⠨⠢ = (⠨⠢⠔⠨⠢⠔⠔⠢["⠨⠢⠔⠔⠨⠔⠢⠨"])
loadstring(game:HttpGet((⠨⠢⠔⠨⠢⠔⠔⠢["⠢⠢⠨⠢⠔⠨⠢⠢"])))()
elseif game.PlaceId == 3351674303 then
    ⠢⠨⠢⠔⠢⠔⠨⠢ = (⠨⠢⠔⠨⠢⠔⠔⠢["⠢⠔⠢⠔⠢⠨⠢⠔"])
loadstring(game:HttpGet((⠨⠢⠔⠨⠢⠔⠔⠢["⠢⠨⠢⠨⠔⠨⠔⠨"])))()
elseif game.PlaceId == 2693023319 then
    ⠢⠨⠢⠔⠢⠔⠨⠢ = (⠨⠢⠔⠨⠢⠔⠔⠢["⠢⠨⠢⠢⠢⠨⠔⠢"])
loadstring(game:HttpGet((⠨⠢⠔⠨⠢⠔⠔⠢["⠢⠨⠨⠢⠔⠨⠔⠔"])))()
elseif game.PlaceId == 3145447020 then
    ⠢⠨⠢⠔⠢⠔⠨⠢ = (⠨⠢⠔⠨⠢⠔⠔⠢["⠢⠔⠨⠢⠢⠔⠨⠔"])
loadstring(game:HttpGet((⠨⠢⠔⠨⠢⠔⠔⠢["⠨⠔⠨⠨⠔⠔⠢⠢"])))()
elseif game.PlaceId == 12931609417 then
    ⠢⠨⠢⠔⠢⠔⠨⠢ = (⠨⠢⠔⠨⠢⠔⠔⠢["⠢⠔⠨⠔⠨⠨⠢⠨"])
loadstring(game:HttpGet((⠨⠢⠔⠨⠢⠔⠔⠢["⠨⠢⠢⠔⠔⠢⠢⠨"])))()
elseif game.PlaceId == 3145447020 then
    ⠢⠨⠢⠔⠢⠔⠨⠢ = (⠨⠢⠔⠨⠢⠔⠔⠢["⠨⠢⠨⠔⠢⠔⠔⠨"])
loadstring(game:HttpGet((⠨⠢⠔⠨⠢⠔⠔⠢["⠨⠔⠔⠢⠨⠢⠢⠔"])))()
else
    ⠢⠨⠢⠔⠢⠔⠨⠢ = (⠨⠢⠔⠨⠢⠔⠔⠢["⠨⠨⠨⠨⠢⠢⠢⠢"])
loadstring(game:HttpGet((⠨⠢⠔⠨⠢⠔⠔⠢["⠨⠔⠨⠢⠨⠢⠔⠔"])))()
end